Accuracy: 0.7739522457122803
Precision: 0.866407312868969
Recall: 0.7739522230723455
F1: 0.7712552599433796
Accuracy: 0.7453183531761169
Precision: 0.9108886643160499
Recall: 0.7453183520599251
F1: 0.7581971609884501
Accuracy: 0.3185185194015503
Accuracy: 0.5421234369277954
Precision: 0
Recall: 0
F1: 0
